MEMORY
  total           16355 KB
  struct            159 KB
  buffer            836 KB
  arena           15360 KB, used 0.0%

SIZES
  narena                15728640
  nbuffer               856352
  nplugin               0
  maxuse_stack          5824
  maxuse_arena          5824
  maxuse_con            0
  maxuse_efc            0
  ncon                  0
  ne                    0
  nf                    0
  nl                    0
  nefc                  0
  nJ                    0
  nA                    0
  nisland               0
  nidof                 0
  ntree_awake           1
  nbody_awake           38
  nparent_awake         37
  nv_awake              35
  flg_energypos         0
  flg_energyvel         0
  flg_subtreevel        1
  flg_rnepost           1
  threadpool            0

ENERGY =   0         0       

TIME =  0       

QPOS
   0       
   0       
   1       
   0       
   0       
   0       
   1       
   0       
   0       
   0       
   0       
   0       
   0       
   0       
   0       
   0       
   0       
   0       
   0       
   0       
   0       
   0       
   0       
   0       
   0       
   0       
   0       
   0       
   0       
   0       
   0       
   0       
   0       
   0       
   0       
   0       

QVEL
   0       
   0       
   0       
   0       
   0       
   0       
   0       
   0       
   0       
   0       
   0       
   0       
   0       
   0       
   0       
   0       
   0       
   0       
   0       
   0       
   0       
   0       
   0       
   0       
   0       
   0       
   0       
   0       
   0       
   0       
   0       
   0       
   0       
   0       
   0       

QACC_WARMSTART
   0       
   0       
   0       
   0       
   0       
   0       
   0       
   0       
   0       
   0       
   0       
   0       
   0       
   0       
   0       
   0       
   0       
   0       
   0       
   0       
   0       
   0       
   0       
   0       
   0       
   0       
   0       
   0       
   0       
   0       
   0       
   0       
   0       
   0       
   0       

CTRL
   0       
   0       
   0       
   0       
   0       
   0       
   0       
   0       
   0       
   0       
   0       
   0       
   0       
   0       
   0       
   0       
   0       
   0       
   0       
   0       
   0       
   0       
   0       
   0       
   0       
   0       
   0       
   0       
   0       

QFRC_APPLIED
   0       
   0       
   0       
   0       
   0       
   0       
   0       
   0       
   0       
   0       
   0       
   0       
   0       
   0       
   0       
   0       
   0       
   0       
   0       
   0       
   0       
   0       
   0       
   0       
   0       
   0       
   0       
   0       
   0       
   0       
   0       
   0       
   0       
   0       
   0       

XFRC_APPLIED
   0         0         0         0         0         0       
   0         0         0         0         0         0       
   0         0         0         0         0         0       
   0         0         0         0         0         0       
   0         0         0         0         0         0       
   0         0         0         0         0         0       
   0         0         0         0         0         0       
   0         0         0         0         0         0       
   0         0         0         0         0         0       
   0         0         0         0         0         0       
   0         0         0         0         0         0       
   0         0         0         0         0         0       
   0         0         0         0         0         0       
   0         0         0         0         0         0       
   0         0         0         0         0         0       
   0         0         0         0         0         0       
   0         0         0         0         0         0       
   0         0         0         0         0         0       
   0         0         0         0         0         0       
   0         0         0         0         0         0       
   0         0         0         0         0         0       
   0         0         0         0         0         0       
   0         0         0         0         0         0       
   0         0         0         0         0         0       
   0         0         0         0         0         0       
   0         0         0         0         0         0       
   0         0         0         0         0         0       
   0         0         0         0         0         0       
   0         0         0         0         0         0       
   0         0         0         0         0         0       
   0         0         0         0         0         0       
   0         0         0         0         0         0       
   0         0         0         0         0         0       
   0         0         0         0         0         0       
   0         0         0         0         0         0       
   0         0         0         0         0         0       
   0         0         0         0         0         0       
   0         0         0         0         0         0       

QACC
   1.6e-15 
   2.2e-16 
  -9.8     
   2.5e-15 
  -1.1e-14 
  -1e-15   
   1.1e-14 
  -5e-15   
  -8.7e-15 
  -1.2e-15 
   1.2e-14 
   8.3e-16 
   9.8e-15 
  -1.7e-16 
   9.8e-15 
  -2.2e-16 
   1.2e-14 
  -8e-16   
  -1.7e-15 
  -5e-15   
   2.4e-14 
  -5.8e-15 
  -3.9e-14 
   4.4e-14 
   2.8e-14 
  -2e-14   
  -1.4e-14 
  -1.3e-14 
  -1.4e-14 
   3.1e-14 
  -3.1e-14 
   3.6e-14 
   4.3e-14 
  -7.1e-15 
   9.9e-15 

SENSOR
   0       
   0       
   0       
   0       
   0       
   0       
  -7.5e-16 
  -5.6e-17 
   7.4e-15 
   0       
   0       
   0       

TREE_ASLEEP
  -11

XPOS
   0         0         0       
   0         0         1       
   0        -0.064     0.9     
   0        -0.12      0.87    
  -0.046    -0.12      0.75    
   2.3e-06  -0.12      0.56    
   2.3e-06  -0.12      0.26    
   2.3e-06  -0.12      0.24    
  -0.1      -0.12      0.24    
   0         0.064     0.9     
   0         0.12      0.87    
  -0.046     0.12      0.75    
   2.3e-06   0.12      0.56    
   2.3e-06   0.12      0.26    
   2.3e-06   0.12      0.24    
  -0.1       0.12      0.24    
   0         0         1       
   0.004     0         1       
   0.004     0         1       
   0.004    -0.1       1.2     
   0.004     0.1       1.2     
  -0.006     0         1.5     
   7.2e-06  -0.1       1.3     
  -3.7e-07  -0.14      1.3     
   4.1e-06  -0.15      1.2     
  -0.016    -0.15      1.1     
  -0.12     -0.15      1.1     
  -0.15     -0.15      1.1     
  -0.2      -0.15      1.1     
  -0.32     -0.15      1.1     
   7.2e-06   0.1       1.3     
  -3.7e-07   0.14      1.3     
   4.1e-06   0.15      1.2     
  -0.016     0.15      1.1     
  -0.12      0.15      1.1     
  -0.15      0.15      1.1     
  -0.2       0.15      1.1     
  -0.32      0.15      1.1     

XQUAT
   1         0         0         0       
   0         0         0         1       
   0         0         0         1       
   0         0.087     0         1       
   0         0.087     0         1       
   0         0         0         1       
   0         0         0         1       
   0         0         0         1       
   0         0         0         1       
   0         0         0         1       
   0         0.087     0         1       
   0         0.087     0         1       
   0         0         0         1       
   0         0         0         1       
   0         0         0         1       
   0         0         0         1       
   0         0         0         1       
   0         0         0         1       
   0         0         0         1       
   0         0         0         1       
   0         0         0         1       
   0         0         0         1       
   9.9e-05  -1.4e-05   0.14      0.99    
   9.6e-05  -2.7e-05   2.9e-05   1       
   9.6e-05  -2.7e-05   2.9e-05   1       
   9.6e-05  -2.7e-05   2.9e-05   1       
   9.6e-05  -2.7e-05   2.9e-05   1       
   9.6e-05  -2.7e-05   2.9e-05   1       
   9.6e-05  -2.7e-05   2.9e-05   1       
   9.6e-05  -2.7e-05   2.9e-05   1       
  -9.9e-05  -1.4e-05  -0.14      0.99    
  -9.6e-05  -2.7e-05  -2.9e-05   1       
  -9.6e-05  -2.7e-05  -2.9e-05   1       
  -9.6e-05  -2.7e-05  -2.9e-05   1       
  -9.6e-05  -2.7e-05  -2.9e-05   1       
  -9.6e-05  -2.7e-05  -2.9e-05   1       
  -9.6e-05  -2.7e-05  -2.9e-05   1       
  -9.6e-05  -2.7e-05  -2.9e-05   1       

XMAT
   1         0         0         0         1         0         0         0         1       
  -1         0         0         0        -1         0         0         0         1       
  -1         0         0         0        -1         0         0         0         1       
  -0.98      0         0.17      0        -1         0         0.17      0         0.98    
  -0.98      0         0.17      0        -1         0         0.17      0         0.98    
  -1         0         0         0        -1         0         0         0         1       
  -1         0         0         0        -1         0         0         0         1       
  -1         0         0         0        -1         0         0         0         1       
  -1         0         0         0        -1         0         0         0         1       
  -1         0         0         0        -1         0         0         0         1       
  -0.98      0         0.17      0        -1         0         0.17      0         0.98    
  -0.98      0         0.17      0        -1         0         0.17      0         0.98    
  -1         0         0         0        -1         0         0         0         1       
  -1         0         0         0        -1         0         0         0         1       
  -1         0         0         0        -1         0         0         0         1       
  -1         0         0         0        -1         0         0         0         1       
  -1         0         0         0        -1         0         0         0         1       
  -1         0         0         0        -1         0         0         0         1       
  -1         0         0         0        -1         0         0         0         1       
  -1         0         0         0        -1         0         0         0         1       
  -1         0         0         0        -1         0         0         0         1       
  -1         0         0         0        -1         0         0         0         1       
  -1        -0.0002    3.2e-10   0.00019  -0.96      0.28     -5.5e-05   0.28      0.96    
  -1        -0.00019  -5.5e-05   0.00019  -1         5.9e-05  -5.5e-05   5.9e-05   1       
  -1        -0.00019  -5.5e-05   0.00019  -1         5.9e-05  -5.5e-05   5.9e-05   1       
  -1        -0.00019  -5.5e-05   0.00019  -1         5.9e-05  -5.5e-05   5.9e-05   1       
  -1        -0.00019  -5.5e-05   0.00019  -1         5.9e-05  -5.5e-05   5.9e-05   1       
  -1        -0.00019  -5.5e-05   0.00019  -1         5.9e-05  -5.5e-05   5.9e-05   1       
  -1        -0.00019  -5.5e-05   0.00019  -1         5.9e-05  -5.5e-05   5.9e-05   1       
  -1        -0.00019  -5.5e-05   0.00019  -1         5.9e-05  -5.5e-05   5.9e-05   1       
  -1         0.0002    3.2e-10  -0.00019  -0.96     -0.28     -5.5e-05  -0.28      0.96    
  -1         0.00019  -5.5e-05  -0.00019  -1        -5.9e-05  -5.5e-05  -5.9e-05   1       
  -1         0.00019  -5.5e-05  -0.00019  -1        -5.9e-05  -5.5e-05  -5.9e-05   1       
  -1         0.00019  -5.5e-05  -0.00019  -1        -5.9e-05  -5.5e-05  -5.9e-05   1       
  -1         0.00019  -5.5e-05  -0.00019  -1        -5.9e-05  -5.5e-05  -5.9e-05   1       
  -1         0.00019  -5.5e-05  -0.00019  -1        -5.9e-05  -5.5e-05  -5.9e-05   1       
  -1         0.00019  -5.5e-05  -0.00019  -1        -5.9e-05  -5.5e-05  -5.9e-05   1       
  -1         0.00019  -5.5e-05  -0.00019  -1        -5.9e-05  -5.5e-05  -5.9e-05   1       

XIPOS
   0         0         0       
   0         0         0.92    
  -0.0027   -0.11      0.87    
  -0.045    -0.12      0.79    
  -0.016    -0.11      0.59    
  -0.0055   -0.12      0.44    
   0.0073   -0.12      0.27    
  -0.027    -0.12      0.23    
  -0.2      -0.12      0.24    
  -0.0027    0.11      0.87    
  -0.045     0.12      0.79    
  -0.016     0.11      0.59    
  -0.0055    0.12      0.44    
   0.0073    0.12      0.27    
  -0.027     0.12      0.23    
  -0.2       0.12      0.24    
  -0.0035   -0.00023   1       
   0.004    -2.3e-05   1       
   0.0019   -0.00034   1.2     
   0.004    -0.1       1.2     
   0.004     0.1       1.2     
  -0.016     0         1.9     
   4.6e-08  -0.14      1.3     
   0.00023  -0.15      1.2     
  -0.011    -0.14      1.1     
  -0.081    -0.15      1.1     
  -0.13     -0.15      1.1     
  -0.18     -0.15      1.1     
  -0.27     -0.15      1.1     
  -0.43     -0.15      1.1     
   4.6e-08   0.14      1.3     
   0.00023   0.15      1.2     
  -0.011     0.14      1.1     
  -0.081     0.15      1.1     
  -0.13      0.15      1.1     
  -0.18      0.15      1.1     
  -0.27      0.15      1.1     
  -0.43      0.15      1.1     

XIMAT
   1         0         0         0         1         0         0         0         1       
  -1         0         0.0008    0        -1         0         0.0008    0         1       
  -1         0.04     -0.075    -0.075    -0.83      0.56     -0.04      0.56      0.83    
  -0.97     -0.081    -0.24      0.079    -1         0.017    -0.24     -0.0026    0.97    
   0.22      0.91     -0.35     -0.97      0.18     -0.15     -0.07      0.37      0.93    
  -0.71      0.71     -0.0042   -0.7      -0.71     -0.073    -0.054    -0.048     1       
  -5.6e-17   0.45     -0.89     -1         0         0         0         0.89      0.45    
  -0.061     0.00024  -1         0.0016    1         0.00015   1        -0.0015   -0.061   
  -1         0         0         0        -1         0         0         0         1       
  -1        -0.04     -0.075     0.075    -0.83     -0.56     -0.04     -0.56      0.83    
  -0.97      0.081    -0.24     -0.079    -1        -0.017    -0.24      0.0026    0.97    
  -0.22      0.91     -0.35     -0.97     -0.18      0.15      0.07      0.37      0.93    
  -0.71     -0.71      0.0049    0.7      -0.71      0.073    -0.048     0.055     1       
  -5.6e-17   0.45     -0.89     -1         0         0         0         0.89      0.45    
  -0.061    -0.00024  -1        -0.0016    1        -0.00015   1         0.0015   -0.061   
  -1         0         0         0        -1         0         0         0         1       
   0.13      0.79     -0.6       0.0094    0.6       0.8       0.99     -0.11      0.073   
   0         1         0         0         0         1         1         0         0       
  -1         0.0026   -0.04     -0.0026   -1        -0.00017  -0.04     -6.8e-05   1       
  -1         0         0         0        -1         0         0         0         1       
  -1         0         0         0        -1         0         0         0         1       
  -1         0         0         0        -1         0         0         0         1       
   0.14      0.9       0.41     -0.73     -0.18      0.66      0.67     -0.39      0.63    
   0.016     1         0.038    -1         0.016    -0.017    -0.018    -0.038     1       
  -0.047     0.97      0.23     -1        -0.037    -0.045    -0.035    -0.23      0.97    
  -0.4      -0.074    -0.92     -0.92      0.11      0.39      0.073     0.99     -0.11    
  -0.001     0.95      0.32      0.00036  -0.32      0.95      1         0.0011   -1.2e-05 
   2.7e-05  -0.066    -1        -0.71      0.7      -0.046     0.7       0.71     -0.047   
  -0.076     0.011    -1        -1         0.04      0.076     0.041     1         0.0078  
  -1        -0.00019  -5.5e-05   0.00019  -1         5.9e-05  -5.5e-05   5.9e-05   1       
  -0.14      0.9       0.41     -0.73      0.18     -0.66     -0.67     -0.39      0.63    
  -0.016     1         0.038    -1        -0.016     0.017     0.018    -0.038     1       
   0.047     0.97      0.23     -1         0.037     0.045     0.035    -0.23      0.97    
   0.4      -0.074    -0.92     -0.92     -0.11     -0.39     -0.073     0.99     -0.11    
  -0.001     0.95     -0.32     -0.00036   0.32      0.95      1         0.0011    1.2e-05 
  -2.7e-05  -0.066    -1        -0.71     -0.7       0.046    -0.7       0.71     -0.047   
   0.076     0.011    -1        -1        -0.04     -0.076    -0.041     1         0.0078  
  -1         0.00019  -5.5e-05  -0.00019  -1        -5.9e-05  -5.5e-05  -5.9e-05   1       

XANCHOR
   0         0         1       
   0        -0.064     0.9     
   0        -0.12      0.87    
  -0.046    -0.12      0.75    
   2.3e-06  -0.12      0.56    
   2.3e-06  -0.12      0.26    
   2.3e-06  -0.12      0.24    
   0         0.064     0.9     
   0         0.12      0.87    
  -0.046     0.12      0.75    
   2.3e-06   0.12      0.56    
   2.3e-06   0.12      0.26    
   2.3e-06   0.12      0.24    
   0         0         1       
   0.004     0         1       
   0.004     0         1       
   7.2e-06  -0.1       1.3     
  -3.7e-07  -0.14      1.3     
   4.1e-06  -0.15      1.2     
  -0.016    -0.15      1.1     
  -0.12     -0.15      1.1     
  -0.15     -0.15      1.1     
  -0.2      -0.15      1.1     
   7.2e-06   0.1       1.3     
  -3.7e-07   0.14      1.3     
   4.1e-06   0.15      1.2     
  -0.016     0.15      1.1     
  -0.12      0.15      1.1     
  -0.15      0.15      1.1     
  -0.2       0.15      1.1     

XAXIS
   0         0         1       
   0        -1         0       
  -0.98      0         0.17    
   0.17      0         0.98    
   0        -1         0       
   0        -1         0       
  -1         0         0       
   0        -1         0       
  -0.98      0         0.17    
   0.17      0         0.98    
   0        -1         0       
   0        -1         0       
  -1         0         0       
   0         0         1       
  -1         0         0       
   0        -1         0       
  -0.0002   -0.96      0.28    
  -1         0.00019  -5.5e-05 
  -5.5e-05   5.9e-05   1       
  -0.00019  -1         5.9e-05 
  -1         0.00019  -5.5e-05 
  -0.00019  -1         5.9e-05 
  -5.5e-05   5.9e-05   1       
   0.0002   -0.96     -0.28    
  -1        -0.00019  -5.5e-05 
  -5.5e-05  -5.9e-05   1       
   0.00019  -1        -5.9e-05 
  -1        -0.00019  -5.5e-05 
   0.00019  -1        -5.9e-05 
  -5.5e-05  -5.9e-05   1       

GEOM_XPOS
   0         0         0       
   2e-07     9.2e-07   0.92    
  -0.00069  -2.4e-05   0.92    
   0         0         0.92    
   0.00087  -0.11      0.87    
  -0.047    -0.12      0.81    
  -0.027    -0.12      0.83    
  -0.032    -0.11      0.65    
  -0.034    -0.12      0.65    
  -0.012    -0.12      0.44    
  -0.01     -0.12      0.49    
  -0.01     -0.12      0.32    
   0.0041   -0.12      0.25    
  -0.026    -0.12      0.23    
  -0.075    -0.092     0.22    
  -0.039    -0.1       0.22    
  -0.039    -0.11      0.22    
  -0.039    -0.12      0.22    
  -0.039    -0.13      0.22    
  -0.039    -0.14      0.22    
  -0.075    -0.14      0.22    
   0.00087   0.11      0.87    
  -0.047     0.12      0.81    
  -0.027     0.12      0.83    
  -0.032     0.11      0.65    
  -0.034     0.12      0.65    
  -0.012     0.12      0.44    
  -0.01      0.12      0.49    
  -0.01      0.12      0.32    
   0.0041    0.12      0.25    
  -0.026     0.12      0.23    
  -0.075     0.14      0.22    
  -0.039     0.14      0.22    
  -0.039     0.13      0.22    
  -0.039     0.12      0.22    
  -0.039     0.11      0.22    
  -0.039     0.1       0.22    
  -0.075     0.093     0.22    
  -0.0038    3.1e-05   1       
   0.004    -1.3e-07   1       
  -0.0009   -0.0021    1.2     
   0.00094  -0.0011    1.3     
  -0.0037   -2.5e-05   1.4     
  -0.006     0         1.2     
   0.004     0         1.5     
   0.004    -0.1       1.2     
   0.004     0.1       1.2     
   2.6e-05  -0.14      1.3     
  -3.1e-05  -0.15      1.3     
  -0.008    -0.14      1.1     
   4.9e-06  -0.15      1.2     
  -0.069    -0.16      1.1     
  -0.051    -0.15      1.1     
  -0.13     -0.15      1.1     
  -0.18     -0.15      1.1     
  -0.18     -0.15      1.1     
  -0.22     -0.15      1.1     
  -0.31     -0.14      1.1     
  -0.31     -0.14      1.1     
   2.4e-05   0.14      1.3     
  -3e-05     0.15      1.3     
  -0.008     0.14      1.1     
   4.9e-06   0.15      1.2     
  -0.069     0.16      1.1     
  -0.051     0.15      1.1     
  -0.13      0.15      1.1     
  -0.18      0.15      1.1     
  -0.18      0.15      1.1     
  -0.22      0.15      1.1     
  -0.31      0.14      1.1     
  -0.31      0.14      1.1     

GEOM_XMAT
   1         0         0         0         1         0         0         0         1       
  -1         8.7e-06   0        -8.7e-06  -1         0.00016   1.4e-09   0.00016   1       
   0.00056   0.024    -1        -1        -0.0016   -0.0006   -0.0016    1         0.024   
  -1         0         0         0        -1         0         0         0         1       
  -0.99      0.15      0.044    -0.094    -0.79      0.6       0.13      0.59      0.8     
  -0.98     -0.014    -0.18      0.015    -1        -0.0051   -0.18     -0.0077    0.98    
  -0.98      0         0.17      0        -1         0         0.17      0         0.98    
   0.058     0.96     -0.28     -1         0.048    -0.042    -0.026     0.29      0.96    
  -0.97     -0        -0.23      0        -1         0        -0.23      0         0.97    
  -0.15      0.99     -0.027    -0.99     -0.15     -0.059    -0.063     0.017     1       
  -1         0         0         0        -1         0         0         0         1       
  -1         0         0         0        -1         0         0         0         1       
   0         0.83     -0.56     -1         0         0         0         0.56      0.83    
  -0.081     0.00029  -1         0.0018    1         0.00014   1        -0.0018   -0.081   
  -0.0004    0.02     -1         0.02     -1        -0.02     -1        -0.02      3.3e-16 
  -2.2e-16   0         1         0        -1         0         1         0         2.2e-16 
  -2.2e-16   0         1         0        -1         0         1         0         2.2e-16 
  -2.2e-16   0         1         0        -1         0         1         0         2.2e-16 
  -2.2e-16   0         1         0        -1         0         1         0         2.2e-16 
  -2.2e-16   0         1         0        -1         0         1         0         2.2e-16 
  -2.2e-16  -0        -1         0        -1         0        -1         0         2.2e-16 
  -0.99     -0.15      0.044     0.094    -0.79     -0.6       0.13     -0.59      0.8     
  -0.98      0.013    -0.18     -0.014    -1         0.0051   -0.18      0.0076    0.98    
  -0.98      0         0.17      0        -1         0         0.17      0         0.98    
  -0.058     0.96     -0.28     -1        -0.048     0.042     0.026     0.29      0.96    
  -0.97     -0        -0.23      0        -1         0        -0.23      0         0.97    
   0.15      0.99     -0.027    -0.99      0.15      0.059     0.063     0.017     1       
  -1         0         0         0        -1         0         0         0         1       
  -1         0         0         0        -1         0         0         0         1       
  -5.6e-17   0.83     -0.56     -1         0         0         0         0.56      0.83    
  -0.081    -0.00032  -1        -0.0018    1        -0.00018   1         0.0018   -0.081   
  -2.2e-16  -0        -1         0        -1         0        -1         0         2.2e-16 
  -2.2e-16   0         1         0        -1         0         1         0         2.2e-16 
  -2.2e-16   0         1         0        -1         0         1         0         2.2e-16 
  -2.2e-16   0         1         0        -1         0         1         0         2.2e-16 
  -2.2e-16   0         1         0        -1         0         1         0         2.2e-16 
  -2.2e-16   0         1         0        -1         0         1         0         2.2e-16 
  -2.2e-16  -0        -1         0        -1         0        -1         0         2.2e-16 
   0.12      0.0012   -0.99     -0.00042   1         0.0011    0.99      0.00028   0.12    
   0         0        -1        -1         0         0         0         1         0       
  -1         0.0042   -0.0091   -0.0042   -1         0.0038   -0.0091    0.0038    1       
  -0.0039    0.07     -1        -0.00016   1         0.07      1         0.00043  -0.0039  
  -1         0.00011  -0.046    -0.00011  -1         2.4e-05  -0.046     2.9e-05   1       
  -1         0         0         0         1         1.2e-16   0         1.2e-16  -1       
  -1         0         0         0        -1         0         0         0         1       
  -1         0         0         0        -1         0         0         0         1       
  -1         0         0         0        -1         0         0         0         1       
  -0.056     1         0.0083   -0.64     -0.042     0.76      0.76      0.037     0.64    
  -0.00084   1        -0.0035   -1        -0.00056   0.079     0.079     0.0035    1       
   0.098     0.96      0.25     -0.99      0.13     -0.1      -0.13     -0.23      0.96    
  -1         0.00019   5.5e-05   0.00019   1        -5.9e-05  -5.5e-05  -5.9e-05  -1       
  -0.33     -0.088    -0.94     -0.94      0.092     0.32      0.058     0.99     -0.11    
  -5.5e-05  -0.00019   1         5.9e-05  -1        -0.00019   1         5.9e-05   5.5e-05 
  -0.00024   1         0.033     0.00011  -0.033     1         1         0.00024  -0.0001  
  -0.029    -0.00059  -1         0.69      0.73     -0.021     0.72     -0.69     -0.021   
  -5.5e-05  -0.00019   1         5.9e-05  -1        -0.00019   1         5.9e-05   5.5e-05 
   0.1       0.99      0.039    -0.99      0.1       0.0023   -0.0017   -0.039     1       
  -0.26     -0.021    -0.96     -0.96      0.05      0.26      0.043     1        -0.034   
  -0.059    -0.24      0.97     -0.24     -0.94     -0.24      0.97     -0.24      6.8e-05 
   0.056     1         0.0081   -0.64      0.042    -0.76     -0.76      0.038     0.64    
   0.00073   1        -0.0034   -1         0.00046  -0.079    -0.079     0.0035    1       
  -0.098     0.96      0.25     -0.99     -0.13      0.1       0.13     -0.23      0.96    
  -1        -0.00019   5.5e-05  -0.00019   1         5.9e-05  -5.5e-05   5.9e-05  -1       
   0.33     -0.088    -0.94     -0.94     -0.092    -0.32     -0.058     0.99     -0.11    
  -5.5e-05   0.00019   1        -5.9e-05  -1         0.00019   1        -5.9e-05   5.5e-05 
  -0.0002    1        -0.033    -6.3e-05   0.033     1         1         0.0002    5.7e-05 
  -0.029    -7.8e-05  -1        -0.7       0.71      0.021     0.71      0.71     -0.021   
  -5.5e-05   0.00019   1        -5.9e-05  -1         0.00019   1        -5.9e-05   5.5e-05 
  -0.1       0.99      0.039    -0.99     -0.1      -0.0023    0.0017   -0.039     1       
   0.26     -0.021    -0.96     -0.96     -0.05     -0.26     -0.043     1        -0.034   
  -0.059     0.24      0.97      0.24     -0.94      0.24      0.97      0.24      6.8e-05 

SITE_XPOS
  -0.045     0         0.92    
   0.044     0.0022    1.2     
  -0.054    -0.018     1.5     
   0.004    -0.1       1.2     
   0.004     0.1       1.2     
  -0.28     -0.15      1.1     
  -0.28      0.15      1.1     

SITE_XMAT
  -1         0         0         0        -1         0         0         0         1       
  -1         0         0         0        -1         0         0         0         1       
  -0.67     -0        -0.74      0        -1         0        -0.74      0         0.67    
  -1         0         0         0        -1         0         0         0         1       
  -1         0         0         0        -1         0         0         0         1       
  -1        -0.00019  -5.5e-05   0.00019  -1         5.9e-05  -5.5e-05   5.9e-05   1       
  -1         0.00019  -5.5e-05  -0.00019  -1        -5.9e-05  -5.5e-05  -5.9e-05   1       

CAM_XPOS
   1.7      -1.1       1.4     
  -0.054    -0.018     1.5     

CAM_XMAT
   0.55     -0.17      0.82      0.83      0.11     -0.54     -1.1e-16   0.98      0.2     
   0        -0.74      0.67      1         0         0         0         0.67      0.74    

LIGHT_XPOS
   2         3         4       
  -2         3         3       
   0        -4         3       
   0         0         3       

LIGHT_XDIR
  -0.32     -0.49     -0.81    
   0.41     -0.41     -0.82    
   0         0.57     -0.82    
   0         0        -1       

SUBTREE_COM
  -0.02     -8.2e-05   0.91    
  -0.02     -8.2e-05   0.91    
  -0.017    -0.11      0.61    
  -0.021    -0.12      0.55    
  -0.012    -0.12      0.47    
  -0.01     -0.12      0.39    
  -0.023    -0.12      0.23    
  -0.027    -0.12      0.23    
  -0.2      -0.12      0.24    
  -0.017     0.11      0.61    
  -0.021     0.12      0.55    
  -0.012     0.12      0.47    
  -0.01      0.12      0.39    
  -0.023     0.12      0.23    
  -0.027     0.12      0.23    
  -0.2       0.12      0.24    
  -0.028    -0.00018   1.2     
  -0.029    -0.00018   1.2     
  -0.029    -0.00018   1.2     
   0.004    -0.1       1.2     
   0.004     0.1       1.2     
  -0.016     0         1.9     
  -0.063    -0.15      1.2     
  -0.079    -0.15      1.1     
  -0.1      -0.15      1.1     
  -0.15     -0.15      1.1     
  -0.2      -0.15      1.1     
  -0.21     -0.15      1.1     
  -0.27     -0.15      1.1     
  -0.43     -0.15      1.1     
  -0.063     0.15      1.2     
  -0.079     0.15      1.1     
  -0.1       0.15      1.1     
  -0.15      0.15      1.1     
  -0.2       0.15      1.1     
  -0.21      0.15      1.1     
  -0.27      0.15      1.1     
  -0.43      0.15      1.1     

CDOF
   0         0         0         1         0         0       
   0         0         0         0         1         0       
   0         0         0         0         0         1       
  -1         0         0         0        -0.089     8.2e-05 
   0        -1         0         0.089     0        -0.02    
   0         0         1         8.2e-05  -0.02      0       
   0        -1         0        -0.014    -0        -0.02    
  -0.98      0         0.17     -0.02      0.04     -0.11    
   0.17      0         0.98     -0.11     -0.0028    0.02    
   0        -1         0        -0.35     -0        -0.02    
   0        -1         0        -0.65     -0        -0.02    
  -1         0         0         0         0.67     -0.12    
   0        -1         0        -0.014    -0        -0.02    
  -0.98      0         0.17      0.02      0.04      0.11    
   0.17      0         0.98      0.11     -0.0028   -0.02    
   0        -1         0        -0.35     -0        -0.02    
   0        -1         0        -0.65     -0        -0.02    
  -1         0         0         0         0.67      0.12    
   0         0         1         8.2e-05  -0.02      0       
  -1         0         0         0        -0.13      8.2e-05 
   0        -1         0         0.13      0        -0.024   
  -0.0002   -0.96      0.28      0.34     -0.0057   -0.02    
  -1         0.00019  -5.5e-05  -6.5e-05  -0.38     -0.14    
  -5.5e-05   5.9e-05   1        -0.15     -0.02     -6.9e-06 
  -0.00019  -1         5.9e-05   0.19     -3.7e-05  -0.0046  
  -1         0.00019  -5.5e-05  -2.7e-05  -0.18     -0.15    
  -0.00019  -1         5.9e-05   0.18     -2.7e-05   0.13    
  -5.5e-05   5.9e-05   1        -0.15      0.18     -1.9e-05 
   0.0002   -0.96     -0.28      0.34      0.0057   -0.02    
  -1        -0.00019  -5.5e-05   6.5e-05  -0.38      0.14    
  -5.5e-05  -5.9e-05   1         0.15     -0.02      6.9e-06 
   0.00019  -1        -5.9e-05   0.19      3.7e-05  -0.0046  
  -1        -0.00019  -5.5e-05   2.7e-05  -0.18      0.15    
   0.00019  -1        -5.9e-05   0.18      2.7e-05   0.13    
  -5.5e-05  -5.9e-05   1         0.15      0.18      1.9e-05 

CINERT
   0         0         0         0         0         0         0         0         0         0       
   0.011     0.011     0.0095   -6.4e-06  -0.00097  -3.9e-06   0.078     0.00031   0.048     3.8     
   0.021     0.004     0.019     0.0027    0.00099  -0.0063    0.024    -0.15     -0.054     1.4     
   0.047     0.027     0.023    -0.0043   -0.0044   -0.022    -0.037    -0.18     -0.19      1.5     
   0.2       0.18      0.021     0.00043   0.0044   -0.057     0.008    -0.18     -0.55      1.7     
   0.47      0.44      0.031     0.0036    0.014    -0.11      0.029    -0.24     -0.91      1.9     
   0.031     0.03      0.0011    0.00024   0.0013   -0.0056    0.002    -0.0088   -0.047     0.074   
   0.29      0.29      0.01     -0.00044  -0.0027   -0.049    -0.0038   -0.072    -0.42      0.61    
   0         0         0         0         0         0        -0        -0        -0         0       
   0.021     0.004     0.019    -0.0027    0.00099   0.0063    0.024     0.15     -0.054     1.4     
   0.047     0.027     0.023     0.0043   -0.0044    0.022    -0.037     0.18     -0.19      1.5     
   0.2       0.18      0.021    -0.00043   0.0044    0.057     0.008     0.18     -0.55      1.7     
   0.47      0.44      0.031    -0.0036    0.014     0.11      0.029     0.24     -0.91      1.9     
   0.031     0.03      0.0011   -0.00024   0.0013    0.0056    0.002     0.0088   -0.047     0.074   
   0.29      0.29      0.01      0.00045  -0.0027    0.049    -0.0038    0.072    -0.42      0.61    
   0         0         0         0         0         0        -0         0        -0         0       
   0.0025    0.0026    0.00022   3.2e-06  -0.00038   3.6e-06   0.0036   -3.2e-05   0.023     0.21    
   0.0015    0.0016    5.9e-05  -1.2e-07  -0.00028  -6.8e-07   0.0021    5.1e-06   0.011     0.086   
   0.91      0.9       0.031     7.6e-05  -0.051     0.00065   0.17     -0.002     2.5       7.8     
   0.00051   0.00047   4.4e-05   1e-05    -3.4e-05   0.00014   0.0001   -0.00042   0.0014    0.0042  
   0.00051   0.00047   4.5e-05  -1e-05    -3.4e-05  -0.00014   0.0001    0.00042   0.0014    0.0042  
   0         0         0         0         0         0         0         0         0         0       
   0.12      0.1       0.014     0.002    -0.0055    0.037     0.015    -0.099     0.27      0.72    
   0.078     0.064     0.015     0.002    -0.0042    0.03      0.013    -0.095     0.2       0.64    
   0.046     0.031     0.016     0.001    -0.0016    0.021     0.007    -0.11      0.15      0.73    
   0.034     0.023     0.016    -0.0054    0.0066    0.017    -0.036    -0.091     0.11      0.6     
   0.0048    0.004     0.003    -0.0014    0.0018    0.0023   -0.0096   -0.013     0.016     0.085   
   0.027     0.028     0.023    -0.011     0.014     0.013    -0.076    -0.071     0.088     0.48    
   0.015     0.025     0.022    -0.0094    0.012     0.007    -0.064    -0.038     0.047     0.25    
   0         0         0         0         0         0        -0        -0         0         0       
   0.12      0.1       0.014    -0.002    -0.0055   -0.038     0.015     0.099     0.27      0.72    
   0.078     0.064     0.015    -0.002    -0.0042   -0.03      0.013     0.095     0.2       0.64    
   0.046     0.031     0.016    -0.001    -0.0016   -0.021     0.007     0.11      0.15      0.73    
   0.034     0.023     0.016     0.0054    0.0066   -0.017    -0.036     0.091     0.11      0.6     
   0.0048    0.004     0.003     0.0014    0.0018   -0.0023   -0.0096    0.013     0.016     0.085   
   0.027     0.028     0.023     0.011     0.014    -0.013    -0.076     0.071     0.088     0.48    
   0.015     0.025     0.022     0.0094    0.012    -0.007    -0.064     0.038     0.047     0.25    
   0         0         0         0         0         0        -0         0         0         0       

ACTUATOR_LENGTH
   0       
   0       
   0       
   0       
   0       
   0       
   0       
   0       
   0       
   0       
   0       
   0       
   0       
   0       
   0       
   0       
   0       
   0       
   0       
   0       
   0       
   0       
   0       
   0       
   0       
   0       
   0       
   0       
   0       

actuator_moment
-------------------------------------
       x                             |
        x                            |
         x                           |
          x                          |
           x                         |
            x                        |
             x                       |
              x                      |
               x                     |
                x                    |
                 x                   |
                  x                  |
                   x                 |
                    x                |
                     x               |
                      x              |
                       x             |
                        x            |
                         x           |
                          x          |
                           x         |
                            x        |
                             x       |
                              x      |
                               x     |
                                x    |
                                 x   |
                                  x  |
                                   x |
-------------------------------------

ACTUATOR_MOMENT
     6:  1       
     7:  1       
     8:  1       
     9:  1       
    10:  1       
    11:  1       
    12:  1       
    13:  1       
    14:  1       
    15:  1       
    16:  1       
    17:  1       
    18:  1       
    19:  1       
    20:  1       
    21:  1       
    22:  1       
    23:  1       
    24:  1       
    25:  1       
    26:  1       
    27:  1       
    28:  1       
    29:  1       
    30:  1       
    31:  1       
    32:  1       
    33:  1       
    34:  1       

CRB
   0         0         0         0         0         0         0         0         0         0       
   3.7       3.4       0.47      9.2e-05   0.019     0.00087  -3.4e-16   0         0         33      
   1.1       0.97      0.1       0.0022    0.013    -0.25      0.022    -0.82     -2.2       7.2     
   1         0.97      0.086    -0.00047   0.012    -0.24     -0.002    -0.67     -2.1       5.8     
   1         0.94      0.064     0.0038    0.017    -0.22      0.035    -0.5      -1.9       4.3     
   0.79      0.76      0.042     0.0034    0.012    -0.17      0.027    -0.32     -1.4       2.6     
   0.33      0.32      0.011    -0.0002   -0.0014   -0.055    -0.0017   -0.081    -0.46      0.68    
   0.29      0.29      0.01     -0.00044  -0.0027   -0.049    -0.0038   -0.072    -0.42      0.61    
   0         0         0         0         0         0        -0        -0        -0         0       
   1.1       0.97      0.11     -0.0022    0.013     0.25      0.022     0.82     -2.2       7.2     
   1         0.97      0.086     0.00047   0.012     0.24     -0.002     0.67     -2.1       5.8     
   1         0.94      0.064    -0.0038    0.017     0.22      0.035     0.5      -1.9       4.3     
   0.79      0.76      0.042    -0.0034    0.012     0.17      0.027     0.32     -1.4       2.6     
   0.33      0.32      0.011     0.0002   -0.0014    0.055    -0.0017    0.081    -0.46      0.68    
   0.29      0.29      0.01      0.00045  -0.0027    0.049    -0.0038    0.072    -0.42      0.61    
   0         0         0         0         0         0        -0         0        -0         0       
   1.6       1.5       0.25      0.0001   -0.0066    0.00052  -0.12     -0.0015    4.3       15      
   1.6       1.5       0.25      9.9e-05  -0.0062    0.00052  -0.12     -0.0015    4.3       15      
   1.6       1.5       0.25      9.9e-05  -0.0059    0.00052  -0.13     -0.0015    4.3       15      
   0.00051   0.00047   4.4e-05   1e-05    -3.4e-05   0.00014   0.0001   -0.00042   0.0014    0.0042  
   0.00051   0.00047   4.5e-05  -1e-05    -3.4e-05  -0.00014   0.0001    0.00042   0.0014    0.0042  
   0         0         0         0         0         0         0         0         0         0       
   0.32      0.28      0.11     -0.023     0.023     0.13     -0.15     -0.51      0.88      3.5     
   0.2       0.18      0.095    -0.025     0.028     0.09     -0.17     -0.41      0.61      2.8     
   0.13      0.11      0.08     -0.026     0.032     0.06     -0.18     -0.32      0.41      2.2     
   0.08      0.081     0.064    -0.027     0.034     0.039    -0.19     -0.21      0.26      1.4     
   0.046     0.058     0.048    -0.022     0.027     0.022    -0.15     -0.12      0.15      0.82    
   0.041     0.054     0.045    -0.021     0.026     0.02     -0.14     -0.11      0.14      0.74    
   0.015     0.025     0.022    -0.0094    0.012     0.007    -0.064    -0.038     0.047     0.25    
   0         0         0         0         0         0        -0        -0         0         0       
   0.32      0.28      0.11      0.023     0.023    -0.13     -0.15      0.51      0.88      3.5     
   0.21      0.18      0.095     0.025     0.028    -0.09     -0.17      0.41      0.61      2.8     
   0.13      0.11      0.08      0.026     0.032    -0.061    -0.18      0.32      0.41      2.2     
   0.081     0.081     0.064     0.028     0.034    -0.039    -0.19      0.21      0.26      1.4     
   0.046     0.058     0.048     0.022     0.027    -0.022    -0.15      0.12      0.15      0.82    
   0.041     0.054     0.045     0.021     0.026    -0.02     -0.14      0.11      0.14      0.74    
   0.015     0.025     0.022     0.0094    0.012    -0.007    -0.064     0.038     0.047     0.25    
   0         0         0         0         0         0        -0         0         0         0       

QM
   33      
   0         33      
   0         0         33      
   0        -3         0.0027    4       
   3         0        -0.68      3.6e-05   3.7     
   0.0027   -0.68      0         0.041    -0.00063   0.48    
   2.1       0        -0.12     -0.015     1.1       0.24      0.93    
  -0.0012   -1.8      -0.007     1        -0.00041   0.027    -0.00029   0.8     
  -0.0054    0.36      0.00095  -0.21     -0.0014    0.0012   -0.00086  -0.16      0.049   
   0.46      0        -0.026    -0.0031    0.32      0.054     0.27      0.00016   0.0012    0.14    
   0.02      0        -0.016    -0.0018    0.017     0.0024    0.015    -2.4e-05   4.6e-05   0.0087    0.01    
   0        -0.01      0         0.0079    2e-07     0.00035   2e-07     0.0066   -0.0011    2e-07     2e-07     0.0076  
   2.1       0        -0.12      0.015     1.1      -0.24                                                                  0.93    
   0.0012   -1.8       0.007     1         0.00041   0.027                                                                 0.00029   0.8     
   0.0054    0.36     -0.00095  -0.21      0.0014    0.0012                                                                0.00086  -0.16      0.048   
   0.46      0        -0.026     0.0031    0.32     -0.054                                                                 0.27     -0.00016  -0.0012    0.14    
   0.02      0        -0.016     0.0018    0.017    -0.0024                                                                0.015     2.4e-05  -4.6e-05   0.0087    0.01    
   0        -0.01      0         0.0079   -2e-07     0.00035                                                              -2e-07     0.0066   -0.0011   -2e-07    -2e-07     0.0076  
   0.0027   -0.43      0        -0.042    -0.00063   0.26                                                                                                                              0.27    
   0         2.3       0.0027    0.79      3.4e-05  -0.024                                                                                                                            -0.024     0.69    
  -2.3       0        -0.49      2.3e-05   0.71     -0.00051                                                                                                                          -0.00051   2.3e-05   0.62    
   0.48     -0.061    -0.21     -0.037    -0.015     0.082                                                                                                                             0.082    -0.035     0.007     0.13    
  -8.6e-05  -0.45      0.02     -0.045    -0.0017    0.043                                                                                                                             0.043    -0.025    -0.0018    0.01      0.085   
   0.0016   -0.22      1.3e-05  -0.021    -0.00014   0.041                                                                                                                             0.041    -0.011    -7.3e-05   0.012     0.043     0.045   
   0.014    -1.4e-05  -0.19     -0.028     0.036     0.0022                                                                                                                            0.0022   -0.028     0.037     0.039    -0.0015    3.7e-05   0.038   
  -1.6e-10  -0.00013  -0.00045   0.00029   9.7e-05  -6.5e-06                                                                                                                          -6.5e-06   0.00029   9.9e-05   9.2e-05   0.00039  -6.5e-06   9e-05     0.004   
   0.00013  -2.4e-06  -0.041    -0.006     0.011     2.4e-05                                                                                                                           2.4e-05  -0.006     0.011     0.011    -0.0003    4.2e-06   0.01      3.2e-05   0.0091  
   4.5e-05  -0.018     1.1e-06  -0.0017   -9.4e-07   0.0054                                                                                                                            0.0054   -0.00096   1.1e-06   0.0015    0.0035    0.0054    4.2e-06  -3.2e-05   3.7e-06   0.0061  
   0.48      0.061    -0.21      0.037    -0.015    -0.082                                                                                                                            -0.082     0.035     0.007                                                                           0.13    
   8.6e-05  -0.45     -0.02     -0.045     0.0017    0.043                                                                                                                             0.043    -0.025     0.0018                                                                         -0.01      0.085   
  -0.0016   -0.22     -1.3e-05  -0.021     0.00014   0.041                                                                                                                             0.041    -0.011     7.3e-05                                                                        -0.012     0.043     0.045   
   0.014     1.4e-05  -0.19      0.028     0.036    -0.0022                                                                                                                           -0.0022    0.028     0.037                                                                           0.039     0.0015   -3.7e-05   0.038   
   1.6e-10  -0.00013   0.00045   0.00029  -9.7e-05  -6.5e-06                                                                                                                          -6.5e-06   0.00029  -9.9e-05                                                                        -9.2e-05   0.00039  -6.5e-06  -9e-05     0.004   
   0.00013   2.4e-06  -0.041     0.006     0.011    -2.4e-05                                                                                                                          -2.4e-05   0.006     0.011                                                                           0.011     0.0003   -4.2e-06   0.01     -3.2e-05   0.0091  
  -4.5e-05  -0.018    -1.1e-06  -0.0017    9.4e-07   0.0054                                                                                                                            0.0054   -0.00096  -1.1e-06                                                                        -0.0015    0.0035    0.0054   -4.2e-06  -3.2e-05  -3.7e-06   0.0061  

M
     0:  33      
     0:  0          1:  33      
     0:  0          1:  0          2:  33      
     0:  0          1: -3          2:  0.0027     3:  4       
     0:  3          1:  0          2: -0.68       3:  3.6e-05    4:  3.7     
     0:  0.0027     1: -0.68       2:  0          3:  0.041      4: -0.00063    5:  0.48    
     0:  2.1        1:  0          2: -0.12       3: -0.015      4:  1.1        5:  0.24       6:  0.93    
     0: -0.0012     1: -1.8        2: -0.007      3:  1          4: -0.00041    5:  0.027      6: -0.00029    7:  0.8     
     0: -0.0054     1:  0.36       2:  0.00095    3: -0.21       4: -0.0014     5:  0.0012     6: -0.00086    7: -0.16       8:  0.049   
     0:  0.46       1:  0          2: -0.026      3: -0.0031     4:  0.32       5:  0.054      6:  0.27       7:  0.00016    8:  0.0012     9:  0.14    
     0:  0.02       1:  0          2: -0.016      3: -0.0018     4:  0.017      5:  0.0024     6:  0.015      7: -2.4e-05    8:  4.6e-05    9:  0.0087    10:  0.01    
     0:  0          1: -0.01       2:  0          3:  0.0079     4:  2e-07      5:  0.00035    6:  2e-07      7:  0.0066     8: -0.0011     9:  2e-07     10:  2e-07     11:  0.0076  
     0:  2.1        1:  0          2: -0.12       3:  0.015      4:  1.1        5: -0.24      12:  0.93    
     0:  0.0012     1: -1.8        2:  0.007      3:  1          4:  0.00041    5:  0.027     12:  0.00029   13:  0.8     
     0:  0.0054     1:  0.36       2: -0.00095    3: -0.21       4:  0.0014     5:  0.0012    12:  0.00086   13: -0.16      14:  0.048   
     0:  0.46       1:  0          2: -0.026      3:  0.0031     4:  0.32       5: -0.054     12:  0.27      13: -0.00016   14: -0.0012    15:  0.14    
     0:  0.02       1:  0          2: -0.016      3:  0.0018     4:  0.017      5: -0.0024    12:  0.015     13:  2.4e-05   14: -4.6e-05   15:  0.0087    16:  0.01    
     0:  0          1: -0.01       2:  0          3:  0.0079     4: -2e-07      5:  0.00035   12: -2e-07     13:  0.0066    14: -0.0011    15: -2e-07     16: -2e-07     17:  0.0076  
     0:  0.0027     1: -0.43       2:  0          3: -0.042      4: -0.00063    5:  0.26      18:  0.27    
     0:  0          1:  2.3        2:  0.0027     3:  0.79       4:  3.4e-05    5: -0.024     18: -0.024     19:  0.69    
     0: -2.3        1:  0          2: -0.49       3:  2.3e-05    4:  0.71       5: -0.00051   18: -0.00051   19:  2.3e-05   20:  0.62    
     0:  0.48       1: -0.061      2: -0.21       3: -0.037      4: -0.015      5:  0.082     18:  0.082     19: -0.035     20:  0.007     21:  0.13    
     0: -8.6e-05    1: -0.45       2:  0.02       3: -0.045      4: -0.0017     5:  0.043     18:  0.043     19: -0.025     20: -0.0018    21:  0.01      22:  0.085   
     0:  0.0016     1: -0.22       2:  1.3e-05    3: -0.021      4: -0.00014    5:  0.041     18:  0.041     19: -0.011     20: -7.3e-05   21:  0.012     22:  0.043     23:  0.045   
     0:  0.014      1: -1.4e-05    2: -0.19       3: -0.028      4:  0.036      5:  0.0022    18:  0.0022    19: -0.028     20:  0.037     21:  0.039     22: -0.0015    23:  3.7e-05   24:  0.038   
     0: -1.6e-10    1: -0.00013    2: -0.00045    3:  0.00029    4:  9.7e-05    5: -6.5e-06   18: -6.5e-06   19:  0.00029   20:  9.9e-05   21:  9.2e-05   22:  0.00039   23: -6.5e-06   24:  9e-05     25:  0.004   
     0:  0.00013    1: -2.4e-06    2: -0.041      3: -0.006      4:  0.011      5:  2.4e-05   18:  2.4e-05   19: -0.006     20:  0.011     21:  0.011     22: -0.0003    23:  4.2e-06   24:  0.01      25:  3.2e-05   26:  0.0091  
     0:  4.5e-05    1: -0.018      2:  1.1e-06    3: -0.0017     4: -9.4e-07    5:  0.0054    18:  0.0054    19: -0.00096   20:  1.1e-06   21:  0.0015    22:  0.0035    23:  0.0054    24:  4.2e-06   25: -3.2e-05   26:  3.7e-06   27:  0.0061  
     0:  0.48       1:  0.061      2: -0.21       3:  0.037      4: -0.015      5: -0.082     18: -0.082     19:  0.035     20:  0.007     28:  0.13    
     0:  8.6e-05    1: -0.45       2: -0.02       3: -0.045      4:  0.0017     5:  0.043     18:  0.043     19: -0.025     20:  0.0018    28: -0.01      29:  0.085   
     0: -0.0016     1: -0.22       2: -1.3e-05    3: -0.021      4:  0.00014    5:  0.041     18:  0.041     19: -0.011     20:  7.3e-05   28: -0.012     29:  0.043     30:  0.045   
     0:  0.014      1:  1.4e-05    2: -0.19       3:  0.028      4:  0.036      5: -0.0022    18: -0.0022    19:  0.028     20:  0.037     28:  0.039     29:  0.0015    30: -3.7e-05   31:  0.038   
     0:  1.6e-10    1: -0.00013    2:  0.00045    3:  0.00029    4: -9.7e-05    5: -6.5e-06   18: -6.5e-06   19:  0.00029   20: -9.9e-05   28: -9.2e-05   29:  0.00039   30: -6.5e-06   31: -9e-05     32:  0.004   
     0:  0.00013    1:  2.4e-06    2: -0.041      3:  0.006      4:  0.011      5: -2.4e-05   18: -2.4e-05   19:  0.006     20:  0.011     28:  0.011     29:  0.0003    30: -4.2e-06   31:  0.01      32: -3.2e-05   33:  0.0091  
     0: -4.5e-05    1: -0.018      2: -1.1e-06    3: -0.0017     4:  9.4e-07    5:  0.0054    18:  0.0054    19: -0.00096   20: -1.1e-06   28: -0.0015    29:  0.0035    30:  0.0054    31: -4.2e-06   32: -3.2e-05   33: -3.7e-06   34:  0.0061  

QLD
     0:  7.6     
     0: -1.2e-05    1:  12      
     0: -0.0045     1: -0.00029    2:  31      
     0: -0.00013    1: -2.3        2: -0.00071    3:  0.41    
     0:  5.3        1: -0.00025    2:  0.89       3:  2.5e-05    4:  0.13    
     0:  0.00099    1: -1.3        2: -0.0002     3:  0.29       4: -5.1e-05    5:  0.092   
     0:  2.9        1: -0.0047     2: -0.19       3: -0.022      4:  1.3        5:  0.33       6:  0.41    
     0: -0.1        1: -2.3        2: -0.011      3:  1.2        4: -0.046      5:  0.098      6: -0.035      7:  0.3     
     0: -0.19       1:  7.3        2:  0.023      3: -4.2        4: -0.084      5:  0.017      6: -0.064      7: -3.2        8:  0.048   
     0:  3.3        1:  2.5e-07    2: -0.094      3: -0.011      4:  2.3        5:  0.39       6:  1.9        7:  0.0013     8:  0.0084     9:  0.13    
     0:  2          1:  2.6e-05    2: -1.6        3: -0.18       4:  1.7        5:  0.24       6:  1.5        7: -0.0024     8:  0.0046     9:  0.87      10:  0.01    
     0:  0          1: -1.3        2:  0          3:  1          4:  2.6e-05    5:  0.047      6:  2.6e-05    7:  0.86       8: -0.14       9:  2.6e-05   10:  2.6e-05   11:  0.0076  
     0:  2.9        1:  0.0046     2: -0.19       3:  0.022      4:  1.3        5: -0.33      12:  0.41    
     0:  0.1        1: -2.3        2:  0.011      3:  1.2        4:  0.046      5:  0.098     12:  0.035     13:  0.3     
     0:  0.19       1:  7.4        2: -0.023      3: -4.2        4:  0.084      5:  0.017     12:  0.064     13: -3.2       14:  0.048   
     0:  3.3        1: -2.5e-07    2: -0.094      3:  0.011      4:  2.3        5: -0.39      12:  1.9       13: -0.0013    14: -0.0084    15:  0.13    
     0:  2          1: -2.6e-05    2: -1.6        3:  0.18       4:  1.7        5: -0.24      12:  1.5       13:  0.0024    14: -0.0046    15:  0.87      16:  0.01    
     0:  0          1: -1.3        2:  0          3:  1          4: -2.6e-05    5:  0.047     12: -2.6e-05   13:  0.86      14: -0.14      15: -2.6e-05   16: -2.6e-05   17:  0.0076  
     0:  0.0089     1: -0.058      2: -0.0018     3: -0.0014     4: -0.00047    5:  0.88      18:  0.088   
     0:  0.00015    1:  3.2        2:  0.0042     3:  1.1        4:  1.1e-05    5:  0.012     18:  0.012     19:  0.63    
     0: -3.8        1: -1.1e-16    2: -0.24       3:  4.8e-05    4:  1.2        5: -0.00097   18: -0.00097   19:  4.8e-05   20:  0.52    
     0:  5.1        1: -0.0062     2: -0.2        3: -0.029      4: -0.57       5:  0.76      18:  0.76      19: -0.029     20: -0.34      21:  0.091   
     0: -0.023      1: -5.4        2:  0.28       3: -0.6        4: -0.0034     5:  0.081     18:  0.081     19: -0.36      20: -0.0055    21:  0.014     22:  0.043   
     0:  0.038      1: -5.2        2:  0.0048     3: -0.49       4: -0.0043     5:  0.92      18:  0.92      19: -0.26      20: -0.0026    21:  0.26      22:  1         23:  0.04    
     0:  0.55       1: -0.00032    2: -5.6        3: -0.83       4:  0.89       5:  0.082     18:  0.082     19: -0.83      20:  0.94      21:  1         22: -0.045     23:  0.0012    24:  0.026   
     0: -5.6e-05    1: -0.056      2: -0.076      3:  0.075      4:  0.015      5:  0.0056    18:  0.0056    19:  0.078     20:  0.015     21:  0.016     22:  0.1       23:  0.0056    24:  0.013     25:  0.004   
     0:  0.014      1:  0.00094    2: -4.5        3: -0.67       4:  1.2        5:  0.0023    18:  0.0023    19: -0.67      20:  1.2       21:  1.2       22: -0.033     23:  9.4e-05   24:  1.2       25:  0.0035    26:  0.0091  
     0:  0.0075     1: -3          2:  0.00017    3: -0.29       4: -0.00015    5:  0.89      18:  0.89      19: -0.16      20:  0.00017   21:  0.25      22:  0.57      23:  0.89      24:  0.00069   25: -0.0053    26:  0.00061   27:  0.0061  
     0:  5.1        1:  0.0062     2: -0.2        3:  0.029      4: -0.57       5: -0.76      18: -0.76      19:  0.029     20: -0.34      28:  0.091   
     0:  0.023      1: -5.4        2: -0.28       3: -0.6        4:  0.0034     5:  0.081     18:  0.081     19: -0.36      20:  0.0055    28: -0.014     29:  0.043   
     0: -0.038      1: -5.2        2: -0.0048     3: -0.49       4:  0.0043     5:  0.92      18:  0.92      19: -0.26      20:  0.0026    28: -0.26      29:  1         30:  0.04    
     0:  0.55       1:  0.00032    2: -5.6        3:  0.83       4:  0.89       5: -0.082     18: -0.082     19:  0.83      20:  0.94      28:  1         29:  0.045     30: -0.0012    31:  0.026   
     0:  5.6e-05    1: -0.056      2:  0.076      3:  0.075      4: -0.015      5:  0.0056    18:  0.0056    19:  0.078     20: -0.015     28: -0.016     29:  0.1       30:  0.0056    31: -0.013     32:  0.004   
     0:  0.014      1: -0.00094    2: -4.5        3:  0.67       4:  1.2        5: -0.0023    18: -0.0023    19:  0.67      20:  1.2       28:  1.2       29:  0.033     30: -9.4e-05   31:  1.2       32: -0.0035    33:  0.0091  
     0: -0.0075     1: -3          2: -0.00017    3: -0.29       4:  0.00015    5:  0.89      18:  0.89      19: -0.16      20: -0.00017   28: -0.25      29:  0.57      30:  0.89      31: -0.00069   32: -0.0053    33: -0.00061   34:  0.0061  

QLDIAGINV
   0.13    
   0.086   
   0.032   
   2.4     
   8       
   11      
   2.5     
   3.4     
   21      
   7.5     
   1e+02   
   1.3e+02 
   2.5     
   3.4     
   21      
   7.5     
   1e+02   
   1.3e+02 
   11      
   1.6     
   1.9     
   11      
   23      
   25      
   38      
   2.5e+02 
   1.1e+02 
   1.6e+02 
   11      
   23      
   25      
   38      
   2.5e+02 
   1.1e+02 
   1.6e+02 

TREE_AWAKE
  1

BODY_AWAKE
  -1 1 1 1 1 1 1 1 1 1 1 1 1 1 1 1 1 1 1 1 1 1 1 1 1 1 1 1 1 1 1 1 1 1 1 1 1 1

BODY_AWAKE_IND
  0 1 2 3 4 5 6 7 8 9 10 11 12 13 14 15 16 17 18 19 20 21 22 23 24 25 26 27 28 29 30 31 32 33 34 35 36 37

PARENT_AWAKE_IND
  1 2 3 4 5 6 7 8 9 10 11 12 13 14 15 16 17 18 19 20 21 22 23 24 25 26 27 28 29 30 31 32 33 34 35 36 37

DOF_AWAKE_IND
  0 1 2 3 4 5 6 7 8 9 10 11 12 13 14 15 16 17 18 19 20 21 22 23 24 25 26 27 28 29 30 31 32 33 34

ACTUATOR_VELOCITY
   0       
   0       
   0       
   0       
   0       
   0       
   0       
   0       
   0       
   0       
   0       
   0       
   0       
   0       
   0       
   0       
   0       
   0       
   0       
   0       
   0       
   0       
   0       
   0       
   0       
   0       
   0       
   0       
   0       

CVEL
   0         0         0         0         0         0       
   0         0         0         0         0         0       
   0         0         0         0         0         0       
   0         0         0         0         0         0       
   0         0         0         0         0         0       
   0         0         0         0         0         0       
   0         0         0         0         0         0       
   0         0         0         0         0         0       
   0         0         0         0         0         0       
   0         0         0         0         0         0       
   0         0         0         0         0         0       
   0         0         0         0         0         0       
   0         0         0         0         0         0       
   0         0         0         0         0         0       
   0         0         0         0         0         0       
   0         0         0         0         0         0       
   0         0         0         0         0         0       
   0         0         0         0         0         0       
   0         0         0         0         0         0       
   0         0         0         0         0         0       
   0         0         0         0         0         0       
   0         0         0         0         0         0       
   0         0         0         0         0         0       
   0         0         0         0         0         0       
   0         0         0         0         0         0       
   0         0         0         0         0         0       
   0         0         0         0         0         0       
   0         0         0         0         0         0       
   0         0         0         0         0         0       
   0         0         0         0         0         0       
   0         0         0         0         0         0       
   0         0         0         0         0         0       
   0         0         0         0         0         0       
   0         0         0         0         0         0       
   0         0         0         0         0         0       
   0         0         0         0         0         0       
   0         0         0         0         0         0       
   0         0         0         0         0         0       

CDOF_DOT
   0         0         0         0         0         0       
   0         0         0         0         0         0       
   0         0         0         0         0         0       
   0        -0         0         0         0         0       
   0         0        -0         0         0         0       
   0         0         0         0         0         0       
   0         0        -0         0         0         0       
   0        -0         0         0         0         0       
   0         0         0         0         0         0       
   0         0        -0         0         0         0       
   0         0        -0         0         0         0       
   0        -0         0         0         0         0       
   0         0        -0         0         0         0       
   0        -0         0         0         0         0       
   0         0         0         0         0         0       
   0         0        -0         0         0         0       
   0         0        -0         0         0         0       
   0        -0         0         0         0         0       
   0         0         0         0         0         0       
   0        -0         0         0         0         0       
   0         0        -0         0         0         0       
   0        -0         0         0         0         0       
  -0         0         0         0         0         0       
   0        -0         0         0         0         0       
   0        -0         0         0         0         0       
  -0         0         0         0         0         0       
   0        -0         0         0         0         0       
   0        -0         0         0         0         0       
   0         0        -0         0         0         0       
   0         0         0         0         0         0       
   0        -0         0         0         0         0       
   0         0        -0         0         0         0       
   0         0         0         0         0         0       
   0         0        -0         0         0         0       
   0        -0         0         0         0         0       

QFRC_BIAS
   0       
   0       
   3.3e+02 
   0.027   
  -6.6     
   0       
  -1.2     
  -0.068   
   0.0094  
  -0.26    
  -0.15    
   0       
  -1.2     
   0.068   
  -0.0094  
  -0.26    
  -0.15    
   0       
   0       
   0.026   
  -4.8     
  -2.1     
   0.19    
   0.00013 
  -1.9     
  -0.0044  
  -0.4     
   1e-05   
  -2.1     
  -0.19    
  -0.00013 
  -1.9     
   0.0044  
  -0.4     
  -1e-05   

QFRC_SPRING
   0       
   0       
   0       
   0       
   0       
   0       
   0       
   0       
   0       
   0       
   0       
   0       
   0       
   0       
   0       
   0       
   0       
   0       
   0       
   0       
   0       
   0       
   0       
   0       
   0       
   0       
   0       
   0       
   0       
   0       
   0       
   0       
   0       
   0       
   0       

QFRC_DAMPER
   0       
   0       
   0       
   0       
   0       
   0       
   0       
   0       
   0       
   0       
   0       
   0       
   0       
   0       
   0       
   0       
   0       
   0       
   0       
   0       
   0       
   0       
   0       
   0       
   0       
   0       
   0       
   0       
   0       
   0       
   0       
   0       
   0       
   0       
   0       

QFRC_GRAVCOMP
   0       
   0       
   0       
   0       
   0       
   0       
   0       
   0       
   0       
   0       
   0       
   0       
   0       
   0       
   0       
   0       
   0       
   0       
   0       
   0       
   0       
   0       
   0       
   0       
   0       
   0       
   0       
   0       
   0       
   0       
   0       
   0       
   0       
   0       
   0       

QFRC_FLUID
   0       
   0       
   0       
   0       
   0       
   0       
   0       
   0       
   0       
   0       
   0       
   0       
   0       
   0       
   0       
   0       
   0       
   0       
   0       
   0       
   0       
   0       
   0       
   0       
   0       
   0       
   0       
   0       
   0       
   0       
   0       
   0       
   0       
   0       
   0       

QFRC_PASSIVE
   0       
   0       
   0       
   0       
   0       
   0       
   0       
   0       
   0       
   0       
   0       
   0       
   0       
   0       
   0       
   0       
   0       
   0       
   0       
   0       
   0       
   0       
   0       
   0       
   0       
   0       
   0       
   0       
   0       
   0       
   0       
   0       
   0       
   0       
   0       

SUBTREE_LINVEL
   0         0         0       
   0         0         0       
   0         0         0       
   0         0         0       
   0         0         0       
   0         0         0       
   0         0         0       
   0         0         0       
   0         0         0       
   0         0         0       
   0         0         0       
   0         0         0       
   0         0         0       
   0         0         0       
   0         0         0       
   0         0         0       
   0         0         0       
   0         0         0       
   0         0         0       
   0         0         0       
   0         0         0       
   0         0         0       
   0         0         0       
   0         0         0       
   0         0         0       
   0         0         0       
   0         0         0       
   0         0         0       
   0         0         0       
   0         0         0       
   0         0         0       
   0         0         0       
   0         0         0       
   0         0         0       
   0         0         0       
   0         0         0       
   0         0         0       
   0         0         0       

SUBTREE_ANGMOM
   0         0         0       
   0         0         0       
   0         0         0       
   0         0         0       
   0         0         0       
   0         0         0       
   0         0         0       
   0         0         0       
   0         0         0       
   0         0         0       
   0         0         0       
   0         0         0       
   0         0         0       
   0         0         0       
   0         0         0       
   0         0         0       
   0         0         0       
   0         0         0       
   0         0         0       
   0         0         0       
   0         0         0       
   0         0         0       
   0         0         0       
   0         0         0       
   0         0         0       
   0         0         0       
   0         0         0       
   0         0         0       
   0         0         0       
   0         0         0       
   0         0         0       
   0         0         0       
   0         0         0       
   0         0         0       
   0         0         0       
   0         0         0       
   0         0         0       
   0         0         0       

ACTUATOR_FORCE
   0       
   0       
   0       
   0       
   0       
   0       
   0       
   0       
   0       
   0       
   0       
   0       
   0       
   0       
   0       
   0       
   0       
   0       
   0       
   0       
   0       
   0       
   0       
   0       
   0       
   0       
   0       
   0       
   0       

QFRC_ACTUATOR
   0       
   0       
   0       
   0       
   0       
   0       
   0       
   0       
   0       
   0       
   0       
   0       
   0       
   0       
   0       
   0       
   0       
   0       
   0       
   0       
   0       
   0       
   0       
   0       
   0       
   0       
   0       
   0       
   0       
   0       
   0       
   0       
   0       
   0       
   0       

QFRC_SMOOTH
   0       
   0       
  -3.3e+02 
  -0.027   
   6.6     
   0       
   1.2     
   0.068   
  -0.0094  
   0.26    
   0.15    
   0       
   1.2     
  -0.068   
   0.0094  
   0.26    
   0.15    
   0       
   0       
  -0.026   
   4.8     
   2.1     
  -0.19    
  -0.00013 
   1.9     
   0.0044  
   0.4     
  -1e-05   
   2.1     
   0.19    
   0.00013 
   1.9     
  -0.0044  
   0.4     
   1e-05   

QACC_SMOOTH
   1.6e-15 
   2.2e-16 
  -9.8     
   2.5e-15 
  -1.1e-14 
  -1e-15   
   1.1e-14 
  -5e-15   
  -8.7e-15 
  -1.2e-15 
   1.2e-14 
   8.3e-16 
   9.8e-15 
  -1.7e-16 
   9.8e-15 
  -2.2e-16 
   1.2e-14 
  -8e-16   
  -1.7e-15 
  -5e-15   
   2.4e-14 
  -5.8e-15 
  -3.9e-14 
   4.4e-14 
   2.8e-14 
  -2e-14   
  -1.4e-14 
  -1.3e-14 
  -1.4e-14 
   3.1e-14 
  -3.1e-14 
   3.6e-14 
   4.3e-14 
  -7.1e-15 
   9.9e-15 

QFRC_CONSTRAINT
   0       
   0       
   0       
   0       
   0       
   0       
   0       
   0       
   0       
   0       
   0       
   0       
   0       
   0       
   0       
   0       
   0       
   0       
   0       
   0       
   0       
   0       
   0       
   0       
   0       
   0       
   0       
   0       
   0       
   0       
   0       
   0       
   0       
   0       
   0       

QFRC_INVERSE
   0       
   0       
   0       
   0       
   0       
   0       
   0       
   0       
   0       
   0       
   0       
   0       
   0       
   0       
   0       
   0       
   0       
   0       
   0       
   0       
   0       
   0       
   0       
   0       
   0       
   0       
   0       
   0       
   0       
   0       
   0       
   0       
   0       
   0       
   0       

CACC
   0         0         0        -0        -0         9.8     
  -2.5e-15   1.1e-14  -1e-15     6.9e-16   1.7e-17   7.1e-15 
  -2.5e-15   0        -1e-15     5.4e-16   1.7e-17   6.9e-15 
   2.4e-15   0        -1.9e-15   6.4e-16  -1.9e-16   7.5e-15 
   9e-16     0        -1e-14     1.6e-15  -1.6e-16   7.3e-15 
   9e-16     1.2e-15  -1e-14     2.1e-15  -1.6e-16   7.3e-15 
   9e-16    -1.1e-14  -1e-14    -6e-15    -1.6e-16   7.1e-15 
   6.9e-17  -1.1e-14  -1e-14    -6e-15     4e-16     7e-15   
   6.9e-17  -1.1e-14  -1e-14    -6e-15     4e-16     7e-15   
  -2.5e-15   8.9e-16  -1e-15     5.5e-16   1.7e-17   6.9e-15 
  -2.4e-15   8.9e-16  -1e-15     5.5e-16   1.1e-17   6.9e-15 
  -6.6e-16   8.9e-16   8.6e-15   1.7e-15  -1.7e-17   6.7e-15 
  -6.6e-16   1.1e-15   8.6e-15   1.8e-15  -1.7e-17   6.7e-15 
  -6.6e-16  -1.1e-14   8.6e-15  -6.3e-15  -1.7e-17   6.4e-15 
   1.4e-16  -1.1e-14   8.6e-15  -6.3e-15  -5.5e-16   6.3e-15 
   1.4e-16  -1.1e-14   8.6e-15  -6.3e-15  -5.5e-16   6.3e-15 
  -2.5e-15   1.1e-14  -2.7e-15   6.9e-16   5.2e-17   7.1e-15 
   2.4e-15   1.1e-14  -2.7e-15   6.9e-16   7.1e-16   7.1e-15 
   2.4e-15  -1.4e-14  -2.7e-15   3.9e-15   7.1e-16   6.5e-15 
   2.4e-15  -1.4e-14  -2.7e-15   3.9e-15   7.1e-16   6.5e-15 
   2.4e-15  -1.4e-14  -2.7e-15   3.9e-15   7.1e-16   6.5e-15 
   2.4e-15  -1.4e-14  -2.7e-15   3.9e-15   7.1e-16   6.5e-15 
   2.4e-15  -8.2e-15  -4.3e-15   2e-15     7.4e-16   6.6e-15 
   4.1e-14  -8.2e-15  -4.3e-15   2e-15     1.5e-14   1.2e-14 
   4.1e-14  -8.2e-15   3.9e-14  -4.4e-15   1.4e-14   1.2e-14 
   4.1e-14  -3.7e-14   3.9e-14   1.1e-15   1.4e-14   1.2e-14 
   6.1e-14  -3.7e-14   3.9e-14   1.1e-15   1.8e-14   1.5e-14 
   6.1e-14  -2.2e-14   3.9e-14  -1.5e-15   1.8e-14   1.3e-14 
   6.1e-14  -2.2e-14   2.7e-14   3.6e-16   1.6e-14   1.3e-14 
   6.1e-14  -2.2e-14   2.7e-14   3.6e-16   1.6e-14   1.3e-14 
   2.4e-15  -5.3e-16   1.1e-15  -7.2e-16   6.3e-16   6.8e-15 
  -2.9e-14  -5.4e-16   1.1e-15  -7.2e-16  -1.1e-14   1.1e-14 
  -2.9e-14  -5.4e-16  -3e-14    -5.3e-15  -1e-14     1.1e-14 
  -2.9e-14  -3.6e-14  -3e-14     1.6e-15  -1e-14     1.1e-14 
  -7.1e-14  -3.6e-14  -3e-14     1.6e-15  -1.8e-14   1.7e-14 
  -7.1e-14  -2.9e-14  -3e-14     3e-16    -1.8e-14   1.6e-14 
  -7.1e-14  -2.9e-14  -2e-14     1.8e-15  -1.7e-14   1.6e-14 
  -7.1e-14  -2.9e-14  -2e-14     1.8e-15  -1.7e-14   1.6e-14 

CFRC_INT
   4.5e-17  -7.8e-15  -1.7e-17   1.2e-15   7.7e-17   2.1e-13 
   4.5e-17  -7.8e-15  -1.7e-17   1.2e-15   7.7e-17   2.1e-13 
  -5.5e-15  -9.4e-16   2.5e-16   2.8e-15   7.8e-16   5.1e-14 
  -4.4e-15  -7.5e-16   1.9e-16   2.2e-15   9.1e-16   4.2e-14 
  -3.2e-15  -9.3e-16   1.2e-16   1.6e-15   6.6e-16   3.1e-14 
  -1.9e-15  -5.7e-16   4.9e-17   6.6e-16   5.3e-16   1.9e-14 
  -3.4e-16  -1.8e-16   1e-17     2.5e-16   3.2e-16   4.7e-15 
  -2.8e-16  -1.7e-16   1.1e-17   2.5e-16   3.1e-16   4.2e-15 
   0         0         0         0         0         0       
   4.9e-15  -8.7e-16  -3.1e-16   3.1e-15  -1.6e-15   4.7e-14 
   3.9e-15  -6.8e-16  -2.1e-16   2.2e-15  -1.4e-15   3.8e-14 
   2.8e-15  -8.2e-16  -1.2e-16   1.4e-15  -1e-15     2.8e-14 
   1.7e-15  -5.1e-16  -4.6e-17   5.7e-16  -7.1e-16   1.7e-14 
   2.9e-16  -1.7e-16  -1.1e-17   2.3e-16  -3.2e-16   4.3e-15 
   2.4e-16  -1.6e-16  -1.2e-17   2.4e-16  -3.1e-16   3.8e-15 
   0         0         0         0         0         0       
   7.2e-16  -5.6e-15   4.5e-17  -7.9e-15   7.5e-16   8.9e-14 
   7.2e-16  -5.6e-15   4.4e-17  -8.3e-15   7e-16     8.7e-14 
   7.3e-16  -5.6e-15   4.3e-17  -8.5e-15   6.7e-16   8.6e-14 
  -2.5e-18  -2e-18    -4e-19    -3.9e-18  -6.9e-19   2.8e-17 
   3.2e-18  -1.2e-18   1.4e-19  -1.6e-18  -6.9e-19   3e-17   
   0         0         0         0         0         0       
  -4e-15    -9.3e-16  -2.7e-16  -2e-15     8.8e-15   1.5e-14 
  -3.4e-15  -3.6e-16  -9.2e-17  -7.9e-16   9e-15     1.1e-14 
  -2.4e-15  -2.1e-17  -3e-18     6.3e-18   7.5e-15   6.6e-15 
  -7.9e-16   9.4e-17  -1.4e-17   3.2e-16   2.8e-15   2e-15   
   2.2e-17  -5.4e-17   1.1e-16   1.4e-16   5.4e-17  -5.8e-17 
   7.8e-17  -7.1e-17   1.3e-16   1.3e-16  -1.6e-16  -2e-16   
   1.7e-16  -1.1e-16   1.6e-16   4.1e-17  -5.5e-16  -4.3e-16 
   0         0         0         0         0         0       
   4.1e-15  -9e-16     4e-16    -3e-15    -7.2e-15   1.8e-14 
   3.3e-15  -5e-16     3e-16    -2.2e-15  -7e-15     1.3e-14 
   2.3e-15  -2e-16     2.3e-16  -1.6e-15  -5.7e-15   8.3e-15 
   8.2e-16   8.9e-18   1.6e-16  -7.7e-16  -2.1e-15   3.2e-15 
   4.9e-17  -8.7e-17  -2.6e-20  -4.8e-16  -1.3e-17   4.9e-16 
  -9.9e-18  -1e-16    -2.3e-17  -4.3e-16   1.4e-16   2.7e-16 
  -1.5e-16  -1.4e-16  -9.7e-17  -1.6e-16   4.3e-16  -3.8e-16 
   0         0         0         0         0         0       

CFRC_EXT
   0         0         0         0         0         0       
   0         0         0         0         0         0       
   0         0         0         0         0         0       
   0         0         0         0         0         0       
   0         0         0         0         0         0       
   0         0         0         0         0         0       
   0         0         0         0         0         0       
   0         0         0         0         0         0       
   0         0         0         0         0         0       
   0         0         0         0         0         0       
   0         0         0         0         0         0       
   0         0         0         0         0         0       
   0         0         0         0         0         0       
   0         0         0         0         0         0       
   0         0         0         0         0         0       
   0         0         0         0         0         0       
   0         0         0         0         0         0       
   0         0         0         0         0         0       
   0         0         0         0         0         0       
   0         0         0         0         0         0       
   0         0         0         0         0         0       
   0         0         0         0         0         0       
   0         0         0         0         0         0       
   0         0         0         0         0         0       
   0         0         0         0         0         0       
   0         0         0         0         0         0       
   0         0         0         0         0         0       
   0         0         0         0         0         0       
   0         0         0         0         0         0       
   0         0         0         0         0         0       
   0         0         0         0         0         0       
   0         0         0         0         0         0       
   0         0         0         0         0         0       
   0         0         0         0         0         0       
   0         0         0         0         0         0       
   0         0         0         0         0         0       
   0         0         0         0         0         0       
   0         0         0         0         0         0       

